0 2.7006652796987343 0.04163939852853343 -5.863153243199683 1.8064080546287415
1 2.68462910518199 0.04459930152762275 -5.907921269450514 1.8708460008585932
2 2.6733683087170728 0.04508785791070994 -6.177631919552602 1.9364841910281094
3 2.7023325173856656 0.039262120279644236 -6.94855087174818 1.757530503027891
4 2.7886896633982228 0.027607022824112978 -7.6538552113001925 1.2895959318753636
5 2.9337422198320025 0.03195526513476511 -7.0562554328780465 1.0295761302778117
6 3.1108390386954716 0.046816813681453594 -5.151959381811539 1.1318426361680947
7 3.272931219390302 0.04549293887809598 -3.1988503939820134 1.129149636308497
8 3.3921145916983857 0.03403243549508493 -1.8377258584999827 0.9454818759150567
9 3.4706599490899315 0.024531486464937923 -0.9543420409835489 0.7153369648927439
10 3.5204213362547527 0.020589086037624774 -0.40790353377542454 0.5331842617047707
